 &RECEN_LIST
 OMEGA_AXIS      =  0.000000000000000E+000,  -1.00000000000000     ,  0.000000000000000E+000,
 KAPPA_AXIS      = -4.956870000000000E-002, -0.913545493831041     , -0.403704890000000     ,
 PHI_AXIS        =  0.000000000000000E+000,  -1.00000000000000     ,  0.000000000000000E+000,
 TRANS_1_AXIS    =  0.000000000000000E+000,   1.00000000000000     ,  0.000000000000000E+000,
 TRANS_2_AXIS    = -0.999950520931027     ,  0.000000000000000E+000,  9.947647448881080E-003,
 TRANS_3_AXIS    = -9.947647448881080E-003,  0.000000000000000E+000, -0.999950520931027     ,
 CROSS_SEC_OF_SOC        =  1.293907088434771E-003,  0.000000000000000E+000, -1.588717250724821E-004,
 HOME    =  0.987173188721193     , -1.571372846262492E-003,  -1.06870921440782     
 /
